+918904244373
+917204972026
+919980997662
+918095712440
+919731561760
+919788775377
+918792725988
+919945754493
+918904136552
+919972127929
+919743464745
+919535536137
+919663162456
+917338275598
+919902012147
+918867638394
+918553814514
+916362546173
+917026212212
+919380387254
+916361731382
+918971390908
+918088410827
+919008380534
+919108769032
+917204030638
+917676465252
+918073514510
+918088535550
+919620734749
+919448522188
+918497072767
+918867286159
+916364676462
+919845243067
+918310696494
+917019415011
+919902137885
+919901939712
+916361304688
+919591495877
+917406717960
+916362004967
+918088351129
+917204423661
+918310947162
+919663488069
+919606216016
+918329680268
+919538963099
+916361072618
+917259251546
+919481033724
+917996894790
+918749081556
+918088438479
+916364729223
+917359092154
+917359092155
